joint 0.1
joint 0.15
joint 0.2
joint 0.25

end 0.749902934064 0.0112606500679 0.00500467067637
end 0.74961177351 0.0225176332972 0.0100073355417
end 0.749126630087 0.033767284458 0.0150059895889
end 0.748447689978 0.0450059415364 0.0199986294183
end 0.747575213715 0.0562299473407 0.0249832540408
end 0.746509536047 0.0674356511049 0.0299578656794
end 0.745251065782 0.0786194100884 0.0349204705705
end 0.743800285579 0.0897775911718 0.0398690797625
end 0.742157751721 0.100906572448 0.0448017099132
end 0.740324093835 0.112002744806 0.0497163840844
end 0.738300014593 0.123062513509 0.0546111325347
end 0.736086289361 0.134082299767 0.0594839935084
end 0.733683765824 0.145058542293 0.0643330140225
end 0.731093363575 0.155987698861 0.0691562506483
end 0.72831607366 0.166866247848 0.0739517702916
end 0.725352958099 0.17769068976 0.0787176509665
end 0.722205149367 0.18845754876 0.083451982566
end 0.718873849843 0.199163374167 0.0881528676278
end 0.715360331223 0.209804741956 0.0928184220944
end 0.711665933899 0.220378256235 0.0974467760684
end 0.707792066311 0.23088055071 0.102036074562
end 0.703740204257 0.241308290135 0.10658447824
end 0.699511890179 0.251658171745 0.111090164158
end 0.69510873241 0.261926926669 0.115551326492
end 0.690532404397 0.272111321332 0.119966177262
end 0.685784643882 0.282208158831 0.12433294705
end 0.680867252067 0.292214280294 0.128649885708
end 0.675782092734 0.302126566222 0.13291526306
end 0.670531091346 0.311941937808 0.137127369593
end 0.665116234111 0.321657358231 0.141284517148
end 0.659539567025 0.331269833935 0.14538503959
end 0.653803194882 0.34077641588 0.149427293479
end 0.647909280253 0.35017420077 0.15340965873
end 0.64186004245 0.359460332258 0.157330539259
end 0.635657756447 0.36863200213 0.161188363625
end 0.629304751792 0.377686451455 0.164981585659
end 0.622803411479 0.386620971715 0.168708685084
end 0.616156170807 0.395432905911 0.172368168123
end 0.609365516209 0.404119649637 0.175958568101
end 0.602433984054 0.412678652124 0.179478446029
end 0.59536415944 0.421107417267 0.182926391183
end 0.588158674947 0.429403504611 0.186301021668
end 0.580820209385 0.437564530316 0.189600984974
end 0.573351486511 0.445588168089 0.192824958515
end 0.565755273727 0.453472150085 0.195971650162
end 0.558034380767 0.461214267783 0.19903979876
end 0.550191658357 0.468812372825 0.202028174632
end 0.542229996857 0.476264377825 0.204935580073
end 0.534152324894 0.483568257151 0.207760849831
end 0.525961607974 0.490722047667 0.210502851572
end 0.517660847073 0.49772384945 0.213160486335
end 0.509253077226 0.504571826471 0.215732688972
end 0.500741366091 0.511264207241 0.218218428577
end 0.492128812506 0.517799285429 0.220616708894
end 0.483418545029 0.52417542044 0.222926568722
end 0.474613720476 0.530391037964 0.225147082298
end 0.465717522432 0.536444630489 0.227277359667
end 0.456733159774 0.542334757781 0.22931654704
end 0.44766386516 0.548060047325 0.231263827134
end 0.438512893535 0.553619194739 0.233118419505
end 0.429283520609 0.559010964145 0.234879580854
end 0.419979041341 0.56423418851 0.236546605329
end 0.410602768411 0.569287769953 0.238118824806
end 0.401158030694 0.57417068001 0.23959560916
end 0.391648171719 0.578881959873 0.240976366514
end 0.382076548136 0.583420720585 0.242260543476
end 0.372446528173 0.587786143203 0.243447625364
end 0.3627614901 0.591977478933 0.24453713641
end 0.353024820677 0.595994049212 0.245528639952
end 0.343239913621 0.599835245774 0.246421738607
end 0.333410168062 0.603500530669 0.247216074431
end 0.323538987001 0.606989436247 0.247911329066
end 0.313629775779 0.610301565114 0.24850722386
end 0.303685940538 0.613436590048 0.249003519987
end 0.293710886697 0.616394253874 0.249400018537
end 0.283708017426 0.619174369322 0.249696560599
end 0.273680732129 0.621776818828 0.249893027322
end 0.263632424933 0.62420155432 0.249989339965
end 0.253566483186 0.626448596957 0.249985459926
end 0.243486285962 0.628518036838 0.249881388761
end 0.233395202574 0.63041003268 0.24967716818
end 0.223296591098 0.632124811462 0.249372880032
end 0.213193796911 0.633662668028 0.248968646273
end 0.203090151235 0.635023964666 0.248464628914
end 0.192988969698 0.636209130655 0.247861029959
end 0.182893550904 0.637218661769 0.247158091324
end 0.17280717502 0.638053119762 0.246356094737
end 0.162733102377 0.638713131813 0.24545536163
end 0.152674572083 0.639199389943 0.244456253004
end 0.142634800659 0.6395126504 0.243359169291
end 0.132616980682 0.639653733016 0.242164550188
end 0.122624279456 0.63962352053 0.240872874484
end 0.112659837693 0.639422957889 0.239484659867
end 0.102726768215 0.639053051507 0.238000462717
end 0.0928281546763 0.638514868512 0.236420877881
end 0.0829670503092 0.637809535951 0.234746538438
end 0.0731464766817 0.636938239976 0.232978115443
end 0.0633694224846 0.635902225 0.231116317658
end 0.0536388423368 0.634702792824 0.229161891269
end 0.0439576556141 0.633341301746 0.227115619586
end 0.0343287453006 0.631819165637 0.224978322731
end 0.0247549568649 0.630137852994 0.222750857305
end 0.0152390971587 0.628298885974 0.22043411605
end 0.00578393334218 0.626303839399 0.218029027487
end -0.0036078081666 0.624154339738 0.215536555546
end -0.0129334427162 0.621852064071 0.21295769918
end -0.02219032842 0.619398739032 0.210293491964
end -0.0313758671273 0.616796139723 0.207545001678
end -0.0404875053679 0.614046088617 0.204713329884
end -0.0495227352681 0.611150454438 0.201799611483
end -0.0584790954399 0.608111151022 0.198805014256
end -0.0673541718401 0.60493013616 0.195730738401
end -0.0761455986021 0.601609410421 0.192578016052
end -0.0848510588374 0.598151015967 0.189348110781
end -0.093468285408 0.594557035342 0.186042317093
end -0.101995061669 0.590829590251 0.182661959913
end -0.110429222179 0.586970840325 0.179208394044
end -0.118768653386 0.582982981869 0.175683003635
end -0.127011294273 0.578868246602 0.172087201618
end -0.13515513698 0.574628900378 0.168422429148
end -0.143198227396 0.570267241904 0.164690155021
end -0.151138665707 0.56578560144 0.160891875086
end -0.158974606933 0.561186339495 0.157029111648
end -0.16670426141 0.556471845508 0.153103412856
end -0.17432589526 0.551644536525 0.149116352081
end -0.181837830814 0.546706855869 0.145069527289
end -0.189238447014 0.541661271802 0.140964560399
end -0.196526179771 0.536510276177 0.13680309663
end -0.203699522304 0.531256383094 0.132586803847
end -0.210757025435 0.525902127542 0.128317371889
end -0.217697297856 0.520450064048 0.123996511892
end -0.224519006363 0.514902765309 0.119625955603
end -0.231220876059 0.509262820839 0.115207454689
end -0.237801690523 0.5035328356 0.110742780032
end -0.244260291942 0.497715428644 0.106233721017
end -0.25059558122 0.491813231746 0.101682084821
end -0.256806518047 0.485828888046 0.0970896956852
end -0.262892120937 0.47976505069 0.0924583941821
end -0.268851467237 0.473624381471 0.0877900364812
end -0.274683693097 0.467409549478 0.0830864936033
end -0.280387993418 0.461123229749 0.0783496506713
end -0.28596362176 0.454768101927 0.0735814061539
end -0.291409890221 0.44834684892 0.0687836711056
end -0.296726169286 0.441862155575 0.0639583684
end -0.30191188764 0.435316707352 0.0591074319596
end -0.30696653196 0.428713189011 0.0542328059808
end -0.311889646664 0.422054283305 0.0493364441542
end -0.316680833637 0.415342669683 0.0444203088819
end -0.321339751929 0.408581023005 0.0394863704911
end -0.325866117415 0.401772012268 0.0345366064441
end -0.330259702433 0.394918299343 0.0295730005461
end -0.334520335389 0.38802253772 0.0245975421498
end -0.338647900334 0.381087371279 0.0196122253584
end -0.342642336515 0.374115433059 0.014619048226
end -0.346503637894 0.367109344053 0.00962001195718
end -0.350231852644 0.360071712012 0.00461712010482
end -0.353827082613 0.353005130271 -0.000387622233029
end -0.357289482764 0.345912176582 -0.00539220921661
end -0.360619260592 0.338795411976 -0.0103946350684
end -0.363816675506 0.331657379629 -0.0153928948772
end -0.366882038197 0.324500603762 -0.0203849854012
end -0.369815709975 0.317327588543 -0.0253689058715
end -0.37261810208 0.310140817025 -0.0303426587935
end -0.375289674974 0.302942750091 -0.0353042507475
end -0.37783093761 0.295735825424 -0.040251693188
end -0.380242446671 0.288522456503 -0.0451830032403
end -0.382524805798 0.281305031612 -0.0500962044955
end -0.384678664788 0.274085912879 -0.0549893278024
end -0.386704718775 0.26686743533 -0.0598604120567
end -0.388603707389 0.259651905973 -0.0647075049873
end -0.390376413897 0.252441602899 -0.0695286639383
end -0.392023664326 0.245238774417 -0.074321956648
end -0.393546326563 0.238045638197 -0.0790854620231
end -0.394945309442 0.230864380456 -0.0838172709087
end -0.396221561812 0.223697155157 -0.0885154868535
end -0.397376071589 0.216546083237 -0.0931782268697
end -0.398409864794 0.209413251861 -0.0978036221879
end -0.399324004568 0.202300713702 -0.102389819006
end -0.400119590189 0.195210486251 -0.106934979232
end -0.400797756055 0.188144551142 -0.111437281222
end -0.40135967067 0.181104853524 -0.115894920507
end -0.401806535613 0.17409330144 -0.120306110521
end -0.402139584488 0.167111765244 -0.124669083311
end -0.402360081878 0.160162077049 -0.128982090251
end -0.402469322275 0.153246030194 -0.133243402742
end -0.402468629008 0.146365378743 -0.1374513129
end -0.402359353161 0.139521837017 -0.141604134247
end -0.402142872482 0.132717079146 -0.145700202382
end -0.401820590286 0.125952738659 -0.149737875652
end -0.401393934353 0.119230408094 -0.153715535805
end -0.400864355815 0.112551638642 -0.157631588645
end -0.400233328042 0.105917939819 -0.161484464665
end -0.399502345528 0.0993307791695 -0.165272619679
end -0.398672922765 0.0927915819912 -0.168994535441
end -0.397746593116 0.0863017310987 -0.172648720253
end -0.396724907695 0.0798625666099 -0.176233709561
end -0.395609434234 0.0734753857633 -0.179748066545
end -0.394401755955 0.0671414427646 -0.183190382695
end -0.393103470444 0.0608619486618 -0.186559278372
end -0.391716188522 0.0546380712499 -0.189853403363
end -0.39024153312 0.0484709350033 -0.193071437423
end -0.388681138157 0.0423616210384 -0.196212090804
end -0.387036647419 0.0363111671033 -0.19927410477
end -0.385309713443 0.0303205675974 -0.202256252102
end -0.383501996408 0.0243907736178 -0.205157337594
end -0.381615163024 0.0185226930351 -0.207976198524
end -0.379650885438 0.0127171905966 -0.210711705128
end -0.377610840138 0.0069750880568 -0.213362761048
end -0.375496706867 0.0012971643359 -0.215928303773
end -0.373310167546 -0.00431584429451 -0.218407305066
end -0.371052905204 -0.00986324399918 -0.220798771372
end -0.368726602922 -0.01534438314 -0.22310174422
end -0.366332942778 -0.0207586520105 -0.225315300608
end -0.363873604816 -0.0261054825445 -0.227438553369
end -0.361350266011 -0.0313843479987 -0.229470651529
end -0.358764599261 -0.0365947626104 -0.231410780649
end -0.356118272381 -0.0417362812297 -0.233258163147
end -0.353412947113 -0.0468084989276 -0.235012058615
end -0.350650278155 -0.0518110505798 -0.236671764114
end -0.347831912198 -0.0567436104262 -0.238236614454
end -0.344959486979 -0.0616058916082 -0.239705982461
end -0.342034630354 -0.0663976456814 -0.241079279232
end -0.339058959384 -0.0711186621075 -0.242355954365
end -0.336034079437 -0.0757687677235 -0.243535496185
end -0.332961583309 -0.080347826189 -0.244617431945
end -0.329843050363 -0.084855737413 -0.24560132802
end -0.326680045683 -0.0892924369604 -0.246486790074
end -0.323474119255 -0.0936578954378 -0.247273463227
end -0.320226805155 -0.0979521178606 -0.247961032189
end -0.316939620769 -0.102175143001 -0.24854922139
end -0.313614066024 -0.106327042715 -0.249037795092
end -0.310251622646 -0.110407921261 -0.24942655748
end -0.306853753434 -0.114417914584 -0.249715352744
end -0.303421901562 -0.118357189603 -0.249904065136
end -0.299957489894 -0.122225943469 -0.249992619025
end -0.296461920328 -0.126024402808 -0.249980978918
end -0.292936573162 -0.129752822959 -0.24986914948
end -0.28938280648 -0.133411487189 -0.249657175532
end -0.285801955565 -0.137000705894 -0.249345142031
end -0.282195332329 -0.140520815794 -0.248933174034
end -0.278564224775 -0.143972179112 -0.248421436655
end -0.27490989648 -0.147355182735 -0.247810134991
end -0.271233586098 -0.150670237378 -0.247099514044
end -0.267536506897 -0.153917776726 -0.246289858623
end -0.263819846309 -0.15709825657 -0.245381493228
end -0.260084765516 -0.160212153936 -0.24437478192
end -0.256332399056 -0.163259966202 -0.243270128178
end -0.252563854454 -0.166242210211 -0.242067974732
end -0.248780211878 -0.169159421376 -0.240768803392
end -0.244982523826 -0.172012152778 -0.239373134849
end -0.241171814834 -0.174800974257 -0.23788152847
end -0.237349081209 -0.177526471504 -0.236294582073
end -0.233515290794 -0.180189245139 -0.234612931687
end -0.22967138275 -0.1827899098 -0.232837251297
end -0.225818267374 -0.185329093212 -0.230968252574
end -0.221956825935 -0.187807435268 -0.229006684589
end -0.218087910542 -0.190225587105 -0.226953333516
end -0.214212344034 -0.19258421017 -0.224809022312
end -0.210330919899 -0.194883975305 -0.222574610391
end -0.206444402217 -0.197125561811 -0.220250993278
end -0.202553525627 -0.199309656531 -0.217839102251
end -0.19865899533 -0.201436952927 -0.215339903966
end -0.194761487101 -0.20350815016 -0.212754400072
end -0.190861647344 -0.205523952174 -0.210083626806
end -0.186960093162 -0.207485066787 -0.207328654583
end -0.183057412451 -0.209392204785 -0.204490587561
end -0.17915416403 -0.21124607902 -0.201570563204
end -0.175250877784 -0.213047403513 -0.198569751821
end -0.17134805484 -0.214796892572 -0.1954893561
end -0.167446167764 -0.21649525991 -0.192330610629
end -0.16354566078 -0.21814321777 -0.189094781391
end -0.159646950022 -0.219741476067 -0.18578316527
end -0.155750423799 -0.221290741531 -0.18239708952
end -0.151856442888 -0.222791716863 -0.178937911239
end -0.147965340855 -0.224245099908 -0.175407016823
end -0.144077424391 -0.225651582825 -0.171805821412
end -0.140192973676 -0.227011851287 -0.168135768322
end -0.13631224276 -0.228326583675 -0.164398328464
end -0.132435459973 -0.229596450302 -0.160594999759
end -0.128562828351 -0.230822112638 -0.156727306536
end -0.124694526084 -0.232004222554 -0.152796798918
end -0.120830706987 -0.233143421584 -0.148805052204
end -0.116971500985 -0.234240340199 -0.144753666239
end -0.113117014629 -0.235295597094 -0.140644264768
end -0.109267331618 -0.236309798494 -0.13647849479
end -0.105422513353 -0.237283537485 -0.132258025894
end -0.101582599495 -0.238217393343 -0.127984549592
end -0.0977476085554 -0.239111930904 -0.123659778643
end -0.0939175384934 -0.239967699932 -0.119285446361
end -0.0900923673349 -0.240785234518 -0.114863305926
end -0.0862720538068 -0.241565052498 -0.110395129677
end -0.0824565379868 -0.242307654881 -0.105882708406
end -0.0786457419686 -0.243013525309 -0.101327850635
end -0.0748395705419 -0.243683129527 -0.0967323818967
end -0.0710379118864 -0.244316914883 -0.0920981439982
end -0.0672406382795 -0.244915309843 -0.0874269942857
end -0.0634476068166 -0.245478723528 -0.0827208048992
end -0.0596586601439 -0.246007545278 -0.0779814620221
end -0.0558736272035 -0.246502144228 -0.0732108651252
end -0.0520923239884 -0.246962868921 -0.0684109262057
end -0.0483145543094 -0.247390046927 -0.0635835690205
end -0.0445401105707 -0.247783984501 -0.0587307283156
end -0.0407687745554 -0.248144966251 -0.0538543490504
end -0.0370003182196 -0.248473254841 -0.0489563856183
end -0.0332345044942 -0.248769090706 -0.0440388010635
end -0.0294710880941 -0.249032691801 -0.0391035662937
end -0.0257098163339 -0.24926425337 -0.0341526592911
end -0.0219504299499 -0.249463947737 -0.0291880643188
end -0.0181926639273 -0.249631924125 -0.024211771126
end -0.0144362483318 -0.2497683085 -0.0192257741503
end -0.0106809091453 -0.249873203436 -0.0142320717186
end -0.00692636910518 -0.249946688006 -0.00923266524598
end -0.003172348546 -0.249988817702 -0.00422955843363
end 0.000581433757228 -0.249999624372 0.000775243534207
end 0.00433525974388 -0.24997911619 0.00577973479388
end 0.00808941122238 -0.249927277645 0.0107819096063
end 0.0118441690249 -0.249844069561 0.0157797631607
end 0.0155998121626 -0.249729429133 0.0207712923783
end 0.0193566169829 -0.249583269998 0.025754496715
end 0.0231148563283 -0.249405482322 0.0307273789632
end 0.0268747986983 -0.249195932919 0.0356879460524
end 0.0306367074148 -0.248954465392 0.0406342098477
end 0.0344008397918 -0.248680900296 0.0455641879467
end 0.0381674463098 -0.248375035328 0.0504759044745
end 0.0419367697956 -0.248036645543 0.0553673908748
end 0.0457090446086 -0.247665483592 0.0602366866995
end 0.0494844958338 -0.247261279981 0.0650818403941
end 0.0532633384822 -0.246823743363 0.0699009100801
end 0.0570457766996 -0.246352560845 0.0746919643331
end 0.0608320029838 -0.24584739832 0.079453082957
end 0.0646221974118 -0.245307900825 0.0841823577533
end 0.0684165268765 -0.244733692923 0.0888778932864
end 0.0722151443344 -0.244124379101 0.0935378076428
end 0.0760181880648 -0.243479544196 0.0981602331857
end 0.0798257809404 -0.242798753842 0.102743317303
end 0.0836380297109 -0.242081554941 0.107285223151
end 0.0874550242996 -0.241327476146 0.111784130389
end 0.0912768371136 -0.24053602838 0.116238235909
end 0.0951035223683 -0.239706705362 0.120645754561
end 0.0989351154271 -0.238838984158 0.125004919864
end 0.102771632156 -0.237932325758 0.129313984719
end 0.106613068294 -0.236986175664 0.133571222104
end 0.110459398842 -0.2359999645 0.137774925771
end 0.114310577464 -0.234973108641 0.141923410927
end 0.118166535913 -0.23390501086 0.146015014909
end 0.122027183468 -0.232795060996 0.150048097852
end 0.125892406392 -0.231642636629 0.154021043346
end 0.129762067413 -0.230447103788 0.157932259082
end 0.133636005216 -0.229207817656 0.161780177493
end 0.137514033964 -0.227924123308 0.165563256381
end 0.141395942831 -0.226595356454 0.169279979533
end 0.145281495566 -0.225220844198 0.172928857331
end 0.149170430064 -0.223799905817 0.176508427351
end 0.153062457974 -0.222331853541 0.180017254944
end 0.156957264316 -0.220815993364 0.183453933814
end 0.160854507132 -0.219251625848 0.186817086584
end 0.164753817146 -0.217638046954 0.190105365341
end 0.16865479746 -0.215974548874 0.193317452184
end 0.172557023267 -0.214260420881 0.196452059748
end 0.176460041587 -0.212494950184 0.199507931721
end 0.180363371029 -0.210677422792 0.202483843345
end 0.184266501577 -0.208807124392 0.205378601912
end 0.188168894401 -0.206883341228 0.208191047238
end 0.192069981688 -0.204905360993 0.210920052129
end 0.195969166506 -0.202872473726 0.213564522833
end 0.199865822685 -0.200783972709 0.216123399479
end 0.203759294728 -0.198639155383 0.2185956565
end 0.207648897748 -0.196437324256 0.220980303045
end 0.211533917426 -0.194177787816 0.223276383378
end 0.21541361 -0.191859861459 0.225482977256
end 0.219287202276 -0.189482868405 0.227599200305
end 0.223153891667 -0.187046140624 0.229624204368
end 0.227012846255 -0.184549019763 0.231557177847
end 0.230863204886 -0.181990858071 0.233397346031
end 0.234704077282 -0.179371019324 0.235143971403
end 0.238534544187 -0.176688879753 0.236796353937
end 0.242353657531 -0.173943828964 0.238353831377
end 0.246160440632 -0.171135270864 0.239815779505
end 0.24995388841 -0.168262624574 0.241181612392
end 0.253732967638 -0.165325325349 0.242450782627
end 0.257496617213 -0.162322825485 0.243622781542
end 0.261243748457 -0.159254595225 0.244697139416
end 0.264973245439 -0.156120123661 0.245673425657
end 0.268683965327 -0.152918919625 0.246551248983
end 0.272374738763 -0.149650512575 0.247330257573
end 0.276044370266 -0.146314453476 0.248010139209
end 0.279691638655 -0.142910315667 0.248590621404
end 0.283315297505 -0.139437695723 0.249071471506
end 0.286914075616 -0.135896214308 0.249452496798
end 0.290486677524 -0.132285517012 0.249733544568
end 0.294031784016 -0.128605275182 0.249914502177
end 0.297548052685 -0.124855186739 0.249995297098
end 0.301034118502 -0.121034976986 0.249975896951
end 0.30448859441 -0.117144399395 0.24985630951
end 0.307910071948 -0.113183236387 0.249636582705
end 0.311297121886 -0.1091513001 0.249316804599
end 0.314648294901 -0.105048433131 0.248897103356
end 0.317962122251 -0.100874509274 0.248377647186
end 0.321237116495 -0.0966294342347 0.247758644283
end 0.324471772216 -0.0923131463329 0.247040342733
end 0.327664566775 -0.087925617183 0.246223030424
end 0.330813961083 -0.0834668523603 0.245307034925
end 0.33391840039 -0.0789368920469 0.244292723356
end 0.336976315098 -0.0743358116589 0.243180502239
end 0.339986121593 -0.0696637224544 0.241970817341
end 0.342946223091 -0.0649207721206 0.240664153487
end 0.345855010506 -0.060107145341 0.239261034373
end 0.348710863338 -0.055223064341 0.237762022352
end 0.35151215057 -0.0502687894118 0.23616771821
end 0.354257231591 -0.0452446194124 0.234478760923
end 0.356944457128 -0.0401508922488 0.232695827407
end 0.359572170199 -0.0349879853305 0.230819632238
end 0.362138707073 -0.0297563160031 0.228850927373
end 0.364642398256 -0.024456341957 0.226790501845
end 0.367081569479 -0.019088561612 0.224639181448
end 0.369454542706 -0.0136535144773 0.222397828403
end 0.371759637154 -0.00815178148613 0.220067341019
end 0.373995170322 -0.00258398530484 0.217648653326
end 0.376159459033 0.00304920938346 0.215142734705
end 0.378250820487 0.00874709562158 0.212550589498
end 0.380267573322 0.0145089239474 0.209873256604
end 0.382208038689 0.0203339021897 0.207111809066
end 0.384070541329 0.0262211952909 0.204267353639
end 0.385853410662 0.0321699251575 0.201341030345
end 0.387554981882 0.0381791705376 0.19833401202
end 0.389173597059 0.0442479669261 0.19524750384
end 0.390707606249 0.0503753064987 0.192082742839
end 0.392155368603 0.0565601380728 0.188840997415
end 0.393515253485 0.062801367098 0.185523566821
end 0.394785641597 0.0690978556742 0.182131780641
end 0.395964926096 0.0754484225987 0.178666998263
end 0.397051513727 0.0818518434421 0.17513060833
end 0.398043825944 0.0883068506532 0.171524028182
end 0.398940300043 0.0948121336919 0.167848703294
end 0.39973939029 0.101366339193 0.164106106691
end 0.400439569045 0.107968071157 0.16029773836
end 0.401039327893 0.11461589117 0.156425124649
end 0.401537178765 0.121308318658 0.152489817653
end 0.401931655058 0.128043831159 0.148493394597
end 0.402221312756 0.134820864636 0.144437457198
end 0.402404731541 0.141637813816 0.140323631026
end 0.4024805159 0.148493032548 0.136153564853
end 0.402447296227 0.155384834205 0.131928929989
end 0.402303729922 0.162311492107 0.127651419619
end 0.402048502472 0.169271239969 0.123322748114
end 0.401680328538 0.176262272387 0.118944650355
end 0.401197953019 0.183282745345 0.114518881029
end 0.40060015212 0.190330776749 0.110047213932
end 0.399885734398 0.197404447 0.105531441251
end 0.399053541804 0.204501799579 0.100973372855
end 0.398102450711 0.211620841674 0.0963748355619
end 0.397031372931 0.218759544823 0.0917376724087
end 0.395839256714 0.225915845592 0.0870637419143
end 0.394525087741 0.233087646275 0.0823549173329
end 0.393087890096 0.240272815624 0.0776130859042
end 0.391526727226 0.247469189601 0.0728401480963
end 0.389840702882 0.254674572158 0.0680380168447
end 0.388028962048 0.261886736044 0.0632086167849
end 0.38609069185 0.269103423632 0.0583538834818
end 0.384025122444 0.276322347779 0.0534757626532
end 0.381831527894 0.2835411927 0.0485762093905
end 0.379509227023 0.290757614875 0.043657187375
end 0.377057584244 0.29796924397 0.0387206680907
end 0.374476010381 0.305173683793 0.0337686300345
end 0.371763963452 0.31236851326 0.0288030579229
end 0.368920949449 0.319551287392 0.0238259418966
end 0.36594652308 0.326719538326 0.0188392767231
end 0.362840288498 0.333870776356 0.0138450609971
end 0.359601900001 0.341002490986 0.00884529633928
end 0.356231062717 0.348112152006 0.0038419865945
end 0.35272753325 0.355197210589 -0.00116286297169
end 0.349091120316 0.362255100402 -0.00616724647657
end 0.345321685344 0.369283238744 -0.0111691582242
end 0.341419143056 0.376279027688 -0.0161665935093
end 0.337383462016 0.383239855255 -0.0211575494208
end 0.333214665161 0.39016309659 -0.0261400256442
end 0.328912830293 0.397046115168 -0.0311120252639
end 0.32447809055 0.403886264 -0.0360715555629
end 0.319910634853 0.410680886865 -0.041016628822
end 0.315210708314 0.417427319552 -0.0459452631161
end 0.310378612625 0.424122891112 -0.0508554831085
end 0.30541470641 0.430764925127 -0.055745320843
end 0.300319405556 0.437350740984 -0.0606128165322
end 0.295093183503 0.443877655171 -0.0654560193431
end 0.289736571516 0.450342982572 -0.0702729881789
end 0.284250158917 0.456744037774 -0.0750617924575
end 0.278634593291 0.463078136391 -0.0798205128842
end 0.272890580659 0.469342596381 -0.0845472422219
end 0.267018885622 0.475534739387 -0.0892400860552
end 0.261020331472 0.481651892069 -0.0938971635494
end 0.254895800269 0.487691387454 -0.0985166082046
end 0.248646232892 0.493650566282 -0.103096568604
end 0.242272629051 0.499526778363 -0.107635209154
end 0.235776047274 0.505317383932 -0.112130710825
end 0.229157604855 0.511019755009 -0.116581271872
end 0.222418477776 0.516631276762 -0.120985108567
end 0.21555990059 0.522149348869 -0.125340455904
end 0.208583166275 0.527571386879 -0.129645568314
end 0.201489626059 0.53289482358 -0.133898720359
end 0.194280689203 0.538117110351 -0.138098207429
end 0.18695782276 0.54323571853 -0.142242346421
end 0.1795225513 0.548248140764 -0.146329476413
end 0.171976456594 0.553151892364 -0.150357959334
end 0.164321177279 0.557944512651 -0.154326180617
end 0.156558408482 0.562623566299 -0.158232549847
end 0.148689901408 0.567186644673 -0.162075501399
end 0.14071746291 0.571631367153 -0.165853495066
end 0.132642955009 0.575955382463 -0.169565016672
end 0.124468294396 0.580156369977 -0.173208578686
end 0.116195451895 0.584232041028 -0.176782720812
end 0.107826451897 0.588180140199 -0.180286010578
end 0.0993633717619 0.591998446607 -0.183717043907
end 0.0908083411874 0.595684775173 -0.187074445684
end 0.0821635415509 0.599236977881 -0.190356870302
end 0.0734312052173 0.602652945028 -0.193563002207
end 0.0646136148174 0.605930606449 -0.196691556418
end 0.0557131024966 0.60906793274 -0.199741279051
end 0.0467320491331 0.612062936455 -0.202710947813
end 0.037672883527 0.614913673296 -0.205599372497
end 0.0285380815606 0.617618243281 -0.208405395457
end 0.0193301653288 0.620174791891 -0.211127892075
end 0.0100517022427 0.62258151121 -0.213765771206
end 0.000705304104056 0.624836641034 -0.216317975621
end -0.00870637384732 0.626938469967 -0.218783482426
end -0.0181806339133 0.628885336493 -0.221161303478
end -0.0277147369437 0.630675630033 -0.223450485775
end -0.0373059033689 0.632307791974 -0.225650111839
end -0.0469513142579 0.633780316676 -0.227759300088
end -0.0566481124016 0.635091752462 -0.229777205185
end -0.0663934034208 0.636240702577 -0.231703018378
end -0.0761842568981 0.637225826128 -0.233535967825
end -0.086017707533 0.638045838997 -0.235275318901
end -0.0958907563212 0.638699514728 -0.236920374496
end -0.105800371754 0.639185685391 -0.238470475292
end -0.115743491043 0.639503242413 -0.239925000028
end -0.125717021362 0.639651137394 -0.241283365747
end -0.13571784111 0.639628382879 -0.242545028032
end -0.145742801198 0.639434053117 -0.243709481226
end -0.155788726353 0.639067284782 -0.24477625863
end -0.165852416436 0.63852727767 -0.245744932692
end -0.175930647783 0.637813295361 -0.246615115179
end -0.186020174564 0.636924665858 -0.247386457333
end -0.196117730156 0.635860782188 -0.248058650009
end -0.206220028528 0.63462110298 -0.248631423801
end -0.216323765652 0.633205153004 -0.249104549148
end -0.226425620915 0.631612523685 -0.249477836427
end -0.236522258556 0.629842873579 -0.249751136029
end -0.246610329108 0.627895928823 -0.249924338418
end -0.256686470855 0.625771483546 -0.249997374179
end -0.266747311304 0.623469400249 -0.249970214038
end -0.276789468658 0.620989610157 -0.249842868881
end -0.286809553309 0.618332113529 -0.249615389746
end -0.296804169334 0.615496979939 -0.249287867805
end -0.306769916 0.612484348523 -0.248860434324
end -0.316703389278 0.609294428188 -0.248333260614
end -0.326601183362 0.605927497793 -0.247706557958
end -0.336459892194 0.602383906289 -0.246980577533
end -0.346276110994 0.598664072827 -0.246155610301
end -0.356046437797 0.59476848683 -0.2452319869
end -0.365767474984 0.590697708033 -0.244210077507
end -0.375435830829 0.586452366483 -0.243090291691
end -0.385048121036 0.582033162505 -0.241873078247
end -0.394600970282 0.57744086664 -0.240558925022
end -0.404091013762 0.572676319532 -0.23914835871
end -0.413514898724 0.567740431798 -0.23764194465
end -0.422869286015 0.562634183848 -0.236040286594
end -0.432150851615 0.557358625675 -0.234344026468
end -0.441356288168 0.551914876616 -0.232553844111
end -0.450482306516 0.546304125063 -0.230670457008
end -0.459525637219 0.540527628154 -0.228694619996
end -0.468483032077 0.534586711421 -0.226627124966
end -0.477351265635 0.528482768401 -0.224468800547
end -0.486127136694 0.522217260221 -0.222220511768
end -0.494807469802 0.515791715138 -0.219883159715
end -0.50338911674 0.509207728052 -0.217457681171
end -0.511868958 0.502466959983 -0.214945048238
end -0.520243904248 0.495571137511 -0.212346267949
end -0.528510897777 0.488522052186 -0.209662381863
end -0.536666913953 0.481321559902 -0.206894465649
end -0.544708962636 0.473971580238 -0.204043628654
end -0.552634089595 0.466474095768 -0.20111101346
end -0.560439377911 0.458831151338 -0.198097795421
end -0.568121949355 0.451044853304 -0.195005182201
end -0.575678965756 0.443117368752 -0.191834413279
end -0.583107630354 0.435050924673 -0.188586759462
end -0.590405189124 0.426847807111 -0.185263522369
end -0.597568932098 0.418510360285 -0.181866033914
end -0.60459619465 0.410040985674 -0.178395655769
end -0.611484358776 0.401442141079 -0.174853778819
end -0.618230854344 0.392716339646 -0.171241822605
end -0.624833160322 0.383866148869 -0.167561234755
end -0.631288805995 0.374894189561 -0.163813490404
end -0.637595372141 0.365803134798 -0.160000091602
end -0.643750492203 0.356595708833 -0.156122566713
end -0.64975185342 0.347274685986 -0.152182469801
end -0.655597197945 0.337842889509 -0.14818138001
end -0.661284323931 0.328303190418 -0.144120900928
end -0.666811086595 0.318658506311 -0.140002659944
end -0.672175399251 0.308911800152 -0.1358283076
end -0.67737523432 0.299066079033 -0.131599516926
end -0.68240862431 0.289124392921 -0.127317982769
end -0.687273662768 0.279089833367 -0.122985421115
end -0.691968505204 0.26896553221 -0.118603568404
end -0.696491369983 0.258754660248 -0.114174180827
end -0.700840539191 0.24846042589 -0.10969903363
end -0.705014359469 0.238086073794 -0.105179920397
end -0.709011242812 0.227634883481 -0.100618652334
end -0.712829667347 0.217110167931 -0.0960170575403
end -0.716468178065 0.206515272162 -0.0913769802803
end -0.719925387537 0.195853571793 -0.08670028024
end -0.723199976583 0.185128471588 -0.0819888317839
end -0.726290694915 0.174343403989 -0.077244523203
end -0.729196361751 0.163501827629 -0.0724692559584
end -0.731915866382 0.152607225838 -0.0676649439191
end -0.734448168722 0.141663105126 -0.0628335125948
end -0.73679229981 0.130672993665 -0.0579768983642
end -0.738947362284 0.119640439749 -0.0530970476993
end -0.740912530819 0.108569010255 -0.0481959163846
end -0.742687052529 0.0974622890797 -0.0432754687339
end -0.744270247338 0.0863238755818 -0.0383376768026
end -0.745661508306 0.0751573830051 -0.0333845195976
end -0.746860301933 0.0639664369 -0.0284179822839
end -0.747866168412 0.0527546735365 -0.0234400553892
end -0.74867872186 0.0415257383123 -0.018452734006
end -0.749297650503 0.0302832841554 -0.0134580169918
end -0.749722716829 0.0190309699226 -0.00845790616834
end -0.749953757706 0.0077724587961 -0.00345440551918
end -0.749990684459 -0.00348858332398 0.00155047961362
end -0.749833482916 -0.0147484894271 0.00655474333309
end -0.74948221341 -0.026003593001 0.0115563799913
end -0.748937010758 -0.0372502296403 0.0165533849932
end -0.748198084187 -0.0484847386533 0.0215437556001
end -0.747265717235 -0.0597034646678 0.0265254917323
end -0.746140267614 -0.0709027592328 0.0314965967706
end -0.744822167031 -0.0820789824181 0.0364550783568
end -0.743311920981 -0.0932285044079 0.0413989491917
end -0.7416101085 -0.10434770709 0.0463262278322
end -0.739717381876 -0.115432985638 0.0512349394851
end -0.73763446634 -0.126480750088 0.0561231167986
end -0.735362159703 -0.137487426905 0.0609888006507
end -0.732901331974 -0.148449460542 0.0658300409346
end -0.730252924928 -0.159363314991 0.0706448973403
end -0.727417951653 -0.170225475321 0.0754314401319
end -0.724397496052 -0.181032449205 0.0801877509215
end -0.721192712316 -0.191780768437 0.0849119234376
end -0.717804824361 -0.202466990437 0.0896020642894
end -0.714235125233 -0.213087699737 0.0942562937257
end -0.710484976475 -0.223639509457 0.0988727463879
end -0.706555807468 -0.234119062768 0.103449572058
end -0.702449114735 -0.244523034334 0.107984936401
end -0.698166461211 -0.254848131739 0.112477021696
end -0.693709475486 -0.265091096899 0.116924027572
end -0.689079851013 -0.275248707451 0.121324171722
end -0.684279345284 -0.285317778129 0.125675690623
end -0.679309778983 -0.295295162118 0.129976840238
end -0.674173035098 -0.305177752384 0.134225896719
end -0.66887105801 -0.314962482988 0.138421157097
end -0.663405852555 -0.324646330379 0.142560939961
end -0.657779483049 -0.334226314657 0.146643586138
end -0.651994072294 -0.343699500823 0.150667459353
end -0.646051800554 -0.353062999997 0.154630946885
end -0.639954904498 -0.362313970619 0.158532460218
end -0.633705676125 -0.371449619619 0.162370435673
end -0.627306461661 -0.380467203565 0.166143335036
end -0.620759660429 -0.389364029782 0.169849646174
end -0.614067723692 -0.398137457449 0.173487883644
end -0.607233153482 -0.406784898666 0.177056589284
end -0.600258501396 -0.415303819491 0.180554332801
end -0.593146367374 -0.423691740953 0.183979712341
end -0.585899398453 -0.431946240035 0.187331355054
end -0.578520287504 -0.440064950625 0.190607917643
end -0.571011771945 -0.448045564443 0.193808086901
end -0.563376632435 -0.455885831929 0.196930580239
end -0.555617691549 -0.463583563111 0.1999741462
end -0.547737812437 -0.471136628435 0.20293756496
end -0.539739897462 -0.478542959563 0.205819648817
end -0.531626886825 -0.485800550146 0.208619242666
end -0.523401757169 -0.492907456556 0.211335224466
end -0.515067520175 -0.499861798592 0.213966505682
end -0.506627221138 -0.50666176015 0.21651203173
end -0.498083937529 -0.513305589864 0.218970782394
end -0.48944077755 -0.519791601704 0.221341772236
end -0.480700878671 -0.526118175555 0.223624050993
end -0.471867406157 -0.532283757745 0.225816703956
end -0.462943551591 -0.538286861556 0.227918852335
end -0.453932531376 -0.544126067685 0.229929653615
end -0.444837585235 -0.549800024683 0.231848301892
end -0.435661974709 -0.55530744935 0.233674028194
end -0.426408981633 -0.560647127101 0.235406100793
end -0.41708190662 -0.565817912296 0.237043825496
end -0.407684067531 -0.570818728529 0.238586545921
end -0.398218797943 -0.575648568893 0.240033643766
end -0.388689445616 -0.580306496198 0.241384539052
end -0.379099370951 -0.584791643162 0.242638690356
end -0.369451945452 -0.589103212561 0.243795595029
end -0.359750550182 -0.593240477348 0.244854789398
end -0.349998574225 -0.597202780735 0.245815848951
end -0.340199413136 -0.600989536236 0.246678388507
end -0.330356467411 -0.604600227684 0.247442062371
end -0.320473140938 -0.608034409199 0.248106564471
end -0.310552839471 -0.611291705137 0.248671628484
end -0.300598969091 -0.61437180999 0.249137027938
end -0.290614934683 -0.617274488256 0.249502576307
end -0.280604138412 -0.61999957428 0.249768127083
end -0.270569978208 -0.622546972054 0.249933573838
end -0.26051584626 -0.624916654978 0.249998850261
end -0.250445127511 -0.627108665603 0.249963930192
end -0.24036119817 -0.629123115322 0.249828827625
end -0.230267424224 -0.630960184037 0.249593596708
end -0.220167159974 -0.632620119794 0.249258331719
end -0.210063746566 -0.634103238378 0.248823167028
end -0.199960510545 -0.63540992288 0.248288277044
end -0.189860762415 -0.636540623232 0.247653876143
end -0.179767795222 -0.637495855705 0.246920218586
end -0.169684883134 -0.638276202381 0.246087598415
end -0.159615280057 -0.638882310591 0.245156349333
end -0.149562218246 -0.639314892319 0.244126844573
end -0.139528906949 -0.639574723581 0.242999496749
end -0.129518531055 -0.639662643771 0.241774757687
end -0.119534249771 -0.639579554976 0.240453118248
end -0.109579195304 -0.639326421263 0.23903510813
end -0.0996564715792 -0.638904267938 0.237521295653
end -0.0897691529589 -0.638314180777 0.235912287534
end -0.0799202829969 -0.637557305226 0.234208728646
end -0.0701128732056 -0.636634845576 0.232411301753
end -0.0603499018474 -0.635548064113 0.230520727242
end -0.0506343127475 -0.634298280237 0.228537762832
end -0.0409690141295 -0.632886869561 0.226463203272
end -0.0313568774749 -0.631315262981 0.22429788002
end -0.0218007364057 -0.629584945722 0.22204266091
end -0.0123033855914 -0.627697456364 0.219698449807
end -0.00286757968207 -0.625654385836 0.217266186243
end 0.00650396773495 -0.6234573764 0.214746845039
end 0.0158085851507 -0.621108120601 0.212141435915
end 0.0250436441247 -0.618608360204 0.20945100309
end 0.0342065602483 -0.615959885104 0.206676624854
end 0.0432947940796 -0.613164532224 0.203819413146
end 0.0523058520522 -0.610224184384 0.2008805131
end 0.0612372873541 -0.607140769162 0.197861102592
end 0.0700867007793 -0.603916257728 0.194762391766
end 0.0788517415496 -0.600552663663 0.191585622545
end 0.0875301081074 -0.59705204177 0.188332068142
end 0.0961195488787 -0.593416486854 0.185003032541
end 0.104617863006 -0.589648132504 0.181599849979
end 0.113022901053 -0.585749149844 0.178123884409
end 0.121332565671 -0.581721746287 0.174576528957
end 0.129544812248 -0.577568164264 0.17095920536
end 0.137657649514 -0.573290679943 0.167273363396
end 0.145669140117 -0.568891601946 0.163520480307
end 0.153577401179 -0.564373270043 0.159702060201
end 0.161380604803 -0.559738053847 0.155819633456
end 0.169076978559 -0.55498835149 0.1518747561
end 0.176664805938 -0.550126588303 0.147869009192
end 0.184142426767 -0.545155215477 0.143803998188
end 0.191508237599 -0.540076708725 0.139681352293
end 0.198760692066 -0.534893566938 0.135502723814
end 0.205898301199 -0.529608310832 0.131269787495
end 0.212919633721 -0.524223481593 0.126984239844
end 0.219823316301 -0.518741639523 0.122647798457
end 0.226608033777 -0.513165362674 0.118262201327
end 0.233272529352 -0.50749724549 0.113829206148
end 0.239815604746 -0.501739897446 0.10935058961
end 0.246236120328 -0.49589594168 0.104828146689
end 0.252532995206 -0.489968013633 0.100263689923
end 0.258705207291 -0.48395875969 0.095659048692
end 0.264751793323 -0.47787083582 0.0910160684801
end 0.27067184887 -0.471706906222 0.0863366101369
end 0.27646452829 -0.465469641971 0.0816225491323
end 0.282129044667 -0.459161719675 0.0768757748047
end 0.287664669709 -0.452785820131 0.0720981896032
end 0.29307073362 -0.44634462699 0.0672917083259
end 0.298346624936 -0.439840825429 0.0624582573518
end 0.303491790331 -0.433277100833 0.0575997738692
end 0.308505734396 -0.426656137478 0.0527182050992
end 0.313388019385 -0.419980617231 0.0478155075148
end 0.318138264924 -0.413253218259 0.0428936460578
end 0.322756147705 -0.406476613739 0.03795459335
end 0.327241401135 -0.399653470596 0.0330003289037
end 0.331593814963 -0.392786448237 0.0280328383276
end 0.335813234881 -0.385878197308 0.0230541125316
end 0.339899562089 -0.378931358459 0.0180661469282
end 0.343852752836 -0.371948561127 0.0130709406332
end 0.347672817933 -0.364932422329 0.00807049566445
end 0.35135982224 -0.357885545476 0.00306681613941
end 0.354913884119 -0.350810519198 -0.00193809252818
end 0.358335174872 -0.34370991619 -0.0069422244319
end 0.361623918142 -0.336586292069 -0.0119435739767
end 0.364780389295 -0.32944218426 -0.0169401366825
end 0.367804914775 -0.322280110884 -0.021929909988
end 0.370697871432 -0.315102569683 -0.0269108940527
end 0.373459685834 -0.307912036954 -0.0318810925591
end 0.376090833544 -0.3007109665 -0.036838513512
end 0.378591838381 -0.293501788614 -0.0417811700375
end 0.380963271661 -0.286286909075 -0.0467070811793
end 0.38320575141 -0.279068708165 -0.051614272692
end 0.385319941558 -0.271849539716 -0.0565007778331
end 0.387306551113 -0.264631730171 -0.061364638151
end 0.389166333317 -0.257417577676 -0.0662039042696
end 0.390900084779 -0.250209351188 -0.0710166366701
end 0.39250864459 -0.243009289611 -0.0758009064679
end 0.393992893419 -0.235819600962 -0.0805547961861
end 0.395353752599 -0.228642461548 -0.0852764005235
end 0.396592183182 -0.221480015182 -0.0899638271187
end 0.397709184992 -0.214334372418 -0.0946151973081
end 0.398705795656 -0.207207609811 -0.0992286468794
end 0.399583089616 -0.20010176921 -0.103802326818
end 0.400342177137 -0.193018857064 -0.108334404049
end 0.400984203294 -0.185960843776 -0.112823062171
end 0.401510346947 -0.178929663061 -0.117266502184
end 0.401921819708 -0.171927211348 -0.121662943212
end 0.402219864891 -0.164955347204 -0.126010623215
end 0.40240575646 -0.158015890784 -0.130307799696
end 0.402480797954 -0.151110623313 -0.134552750398
end 0.402446321417 -0.144241286593 -0.138743773998
end 0.40230368631 -0.137409582539 -0.142879190783
end 0.402054278419 -0.130617172748 -0.14695734333
end 0.401699508756 -0.123865678088 -0.150976597164
end 0.401240812454 -0.117156678326 -0.154935341418
end 0.400679647653 -0.110491711778 -0.158831989475
end 0.400017494389 -0.103872274986 -0.162664979605
end 0.399255853469 -0.0972998224353 -0.166432775595
end 0.398396245351 -0.0907757662877 -0.170133867355
end 0.397440209019 -0.0843014761519 -0.173766771535
end 0.396389300855 -0.0778782788804 -0.17733003211
end 0.395245093511 -0.0715074583958 -0.180822220968
end 0.394009174778 -0.065190255546 -0.184241938484
end 0.392683146464 -0.0589278679887 -0.187587814076
end 0.391268623261 -0.0527214501044 -0.190858506758
end 0.389767231624 -0.0465721129385 -0.194052705676
end 0.388180608647 -0.0404809241722 -0.197169130634
end 0.386510400948 -0.0344489081213 -0.200206532608
end 0.384758263549 -0.0284770457642 -0.203163694242
end 0.38292585877 -0.0225662747979 -0.206039430343
end 0.381014855124 -0.0167174897214 -0.208832588351
end 0.379026926218 -0.0109315419481 -0.211542048803
end 0.376963749664 -0.00520923994466 -0.214166725778
end 0.374827005994 0.000448650601678 -0.21670556734
end 0.372618377588 0.00604140658962 -0.219157555951
end 0.370339547602 0.0115683472829 -0.221521708884
end 0.36799219892 0.0170288340628 -0.223797078615
end 0.365578013098 0.0224222701551 -0.225982753205
end 0.36309866934 0.0277481003298 -0.22807785666
end 0.360555843467 0.0330058105768 -0.230081549289
end 0.357951206906 0.0381949277552 -0.231993028037
end 0.355286425698 0.0433150192181 -0.233811526807
end 0.352563159506 0.0483656924131 -0.235536316765
end 0.349783060648 0.0533465944586 -0.237166706637
end 0.346947773143 0.0582574116965 -0.238702042984
end 0.344058931766 0.0630978692212 -0.24014171046
end 0.341118161126 0.0678677303868 -0.241485132065
end 0.338127074755 0.0725667962912 -0.242731769371
end 0.33508727422 0.0771949052384 -0.243881122742
end 0.332000348248 0.0817519321801 -0.24493273153
end 0.328867871866 0.0862377881354 -0.245886174265
end 0.325691405571 0.0906524195912 -0.246741068816
end 0.322472494502 0.0949958078822 -0.247497072554
end 0.319212667651 0.0992679685517 -0.248153882481
end 0.315913437073 0.103468950694 -0.248711235356
end 0.312576297138 0.107598836276 -0.249168907798
end 0.309202723783 0.11165773945 -0.249526716378
end 0.305794173803 0.115645805833 -0.249784517691
end 0.302352084151 0.11956321179 -0.249942208412
end 0.298877871265 0.123410163684 -0.249999725342
end 0.295372930419 0.127186897119 -0.249957045428
end 0.291838635094 0.13089367617 -0.249814185776
end 0.288276336373 0.134530792593 -0.249571203643
end 0.284687362356 0.138098565028 -0.249228196412
end 0.281073017606 0.141597338182 -0.248785301557
end 0.277434582615 0.145027482008 -0.248242696584
end 0.273773313289 0.148389390867 -0.247600598963
end 0.270090440468 0.15168348268 -0.24685926604
end 0.266387169461 0.154910198075 -0.24601899493
end 0.262664679613 0.158069999512 -0.245080122406
end 0.258924123892 0.161163370419 -0.244043024754
end 0.255166628506 0.164190814298 -0.242908117632
end 0.25139329254 0.167152853841 -0.241675855896
end 0.247605187624 0.170050030032 -0.240346733421
end 0.243803357623 0.172882901239 -0.238921282905
end 0.239988818356 0.175652042312 -0.23740007565
end 0.236162557336 0.178358043663 -0.235783721337
end 0.232325533541 0.181001510355 -0.234072867782
end 0.22847867721 0.183583061178 -0.232268200673
end 0.224622889663 0.186103327726 -0.2303704433
end 0.22075904315 0.188562953474 -0.22838035626
end 0.216887980722 0.190962592851 -0.226298737156
end 0.213010516133 0.193302910314 -0.224126420276
end 0.209127433766 0.195584579424 -0.221864276258
end 0.205239488581 0.197808281918 -0.219513211741
end 0.201347406099 0.199974706788 -0.217074169003
end 0.197451882399 0.202084549359 -0.214548125584
end 0.193553584154 0.20413851037 -0.21193609389
end 0.18965314868 0.206137295065 -0.209239120793
end 0.185751184021 0.208081612277 -0.206458287205
end 0.181848269051 0.209972173528 -0.203594707651
end 0.177944953608 0.211809692126 -0.20064952982
end 0.17404175865 0.213594882277 -0.197623934101
end 0.170139176432 0.215328458199 -0.194519133118
end 0.166237670716 0.217011133241 -0.191336371237
end 0.162337676997 0.218643619018 -0.18807692407
end 0.158439602758 0.220226624547 -0.184742097963
end 0.154543827747 0.221760855401 -0.181333229474
end 0.150650704278 0.223247012866 -0.177851684836
end 0.146760557552 0.224685793111 -0.174298859411
end 0.142873686008 0.226077886373 -0.170676177126
end 0.13899036169 0.22742397615 -0.166985089909
end 0.135110830635 0.228724738407 -0.163227077103
end 0.13123531329 0.229980840799 -0.159403644873
end 0.127364004947 0.231192941902 -0.155516325605
end 0.123497076192 0.232361690465 -0.151566677289
end 0.119634673386 0.233487724671 -0.147556282895
end 0.115776919159 0.234571671416 -0.14348674974
end 0.111923912924 0.235614145608 -0.139359708845
end 0.108075731415 0.236615749472 -0.135176814277
end 0.104232429233 0.237577071886 -0.130939742489
end 0.100394039428 0.23849868772 -0.126650191647
end 0.096560574077 0.239381157206 -0.122309880952
end 0.0927320248983 0.240225025318 -0.117920549947
end 0.0889083638705 0.241030821172 -0.113483957822
end 0.0850895438728 0.241799057451 -0.10900188271
end 0.0812754993401 0.242530229841 -0.104476120971
end 0.077466146932 0.243224816495 -0.0999084864766
end 0.0736613862178 0.243883277513 -0.0953008098777
end 0.0698611003747 0.244506054442 -0.0906549378756
end 0.0660651568991 0.245093569805 -0.085972732479
end 0.0622734083315 0.245646226641 -0.0812560702587
end 0.0584856929926 0.246164408074 -0.0765068415957
end 0.0547018357316 0.246648476902 -0.0717269499227
end 0.0509216486853 0.247098775207 -0.0669183109622
end 0.0471449320473 0.247515623995 -0.0620828519581
end 0.0433714748473 0.247899322848 -0.0572225109034
end 0.0396010557389 0.248250149607 -0.0523392357636
end 0.0358334437961 0.248568360078 -0.0474349836958
end 0.0320683993178 0.248854187758 -0.0425117202646
end 0.0283056746388 0.249107843591 -0.0375714186539
end 0.0245450149478 0.24932951574 -0.0326160588764
end 0.0207861591108 0.249519369393 -0.0276476269799
end 0.0170288404997 0.249677546583 -0.0226681142515
end 0.0132727878257 0.249804166043 -0.017679516419
end 0.00951772597589 0.249899323076 -0.0126838328518
end 0.00576337685306 0.249963089458 -0.00768306575895
end 0.00200946021835 0.249995513362 -0.00267921938695
end -0.00174430546486 0.249996619304 0.00232570078353
end -0.00549820218578 0.249966408121 0.00732968884147
end -0.00925251154074 0.249904856968 0.0123307392494
end -0.013007513888 0.249811919342 0.0173268476474
end -0.0167634875037 0.249687525133 0.0223160116559
end -0.0205207077391 0.249531580696 0.0272962316789
end -0.0242794461808 0.24934396895 0.0322655117048
end -0.0280399698134 0.249124549501 0.0372218601068
end -0.0318025401862 0.248873158794 0.0421632904408
end -0.0355674125843 0.24858961028 0.0470878222417
end -0.0393348352045 0.24827369462 0.0519934818173
end -0.0431050483372 0.2479251799 0.0568783030389
end -0.0468782835548 0.247543811882 0.0617403281297
end -0.0506547629064 0.247129314272 0.0665776084493
end -0.0544346981215 0.246681389013 0.0713882052746
end -0.0582182898205 0.246199716603 0.0761701905772
end -0.0620057267358 0.245683956435 0.0809216477955
end -0.0657971849411 0.245133747162 0.0856406726034
end -0.0695928270918 0.244548707084 0.0903253736733
end -0.0733928016765 0.243928434553 0.094973873434
end -0.0771972422789 0.24327250841 0.0995843088235
end -0.081006266853 0.242580488434 0.104154832035
end -0.0848199770106 0.241851915821 0.10868361126
end -0.0886384573217 0.241086313675 0.113168831417
end -0.0924617746294 0.240283187532 0.117608694886
end -0.0962899773788 0.239442025892 0.122001422223
end -0.100123094961 0.23856230078 0.126345252876
end -0.103961137075 0.237643468322 0.130638445892
end -0.107804093098 0.236684969347 0.13487928061
end -0.111651931486 0.235686229994 0.139066057356
end -0.115504599175 0.234646662356 0.143197098121
end -0.119362021014 0.233565665128 0.147270747234
end -0.123224099211 0.232442624277 0.151285372025
end -0.127090712792 0.231276913728 0.155239363483
end -0.130961717089 0.230067896074 0.159131136896
end -0.134836943242 0.228814923288 0.162959132488
end -0.138716197721 0.227517337463 0.166721816046
end -0.14259926187 0.22617447156 0.170417679531
end -0.146485891472 0.224785650177 0.174045241687
end -0.150375816335 0.223350190322 0.17760304863
end -0.154268739896 0.221867402207 0.181089674436
end -0.158164338856 0.220336590055 0.184503721707
end -0.162062262827 0.218757052915 0.187843822134
end -0.165962134009 0.21712808549 0.191108637047
end -0.169863546888 0.215448978977 0.194296857946
end -0.173766067955 0.213719021917 0.197407207032
end -0.177669235454 0.211937501055 0.200438437715
end -0.181572559149 0.210103702207 0.203389335115
end -0.185475520115 0.208216911136 0.206258716547
end -0.189377570561 0.206276414441 0.209045431999
end -0.193278133667 0.204281500445 0.211748364589
end -0.197176603454 0.202231460094 0.214366431015
end -0.201072344676 0.200125587863 0.216898581987
end -0.204964692737 0.197963182664 0.21934380265
end -0.208852953635 0.195743548759 0.22170111299
end -0.212736403931 0.193465996678 0.223969568226
end -0.216614290742 0.191129844143 0.226148259187
end -0.220485831764 0.188734416983 0.228236312682



step 0.09
epsilon 0.01
